59
62
54
76
54
56
57
56
83
67
63
62
58
58
67
54
75
85
55
58
69
59
75
74
71
66
52
59
66
66
52
56
77
79
76
55
56
64
62
59
65
64
61
72
64
52
72
74
54
67
61
69
68
60
79
59
56
53
54
61
53
58
76
71
66
81
54
60
62
56
73
54
63
79
67
81
68
66
72
54
56
58
54
65
71
67
71
57
59
54
70
60
19
21
18
27
27
49
16
12
64
69
60
61
48
53
71
65
76
70
43
75
55
54
52
67
54
49
32
66
40
67
59
48
47
52
36
51
51
34
69
42
45
31
48
41
29
72
31
37
50
59
50
48
41
61
49
51
73
49
51
73
52
56
56
63
62
38
46
52
48
54
71
39
79
49
66
51
53
33
57
40
51
50
41
56
54
40
68
53
56
30
66
53
58
42
59
53
78
36
35
49
45
73
66
31
81
48
47
53
32
56
47
63
38
43
45
47
66
43
56
47
59
52
65
58
71
47
53
72
63
59
42
45
71
55
55
48
56
52
69
43
27
33
85
45
43
32
75
47
49
70
59
58
52
65
44
50
63
53
55
30
34
57
86
42
55
31
65
49
37
49
53
59
55
50
35
60
53
40
59
46
32
70
71
77
47
48
41
63
54
71
52
74
41
49
55
61
56
54
55
48
53
35
54
68
59
39
50
54
33
75
72
57
68
49
56
69
41
49
78
55
46
53
54
38
65
26
65
35
52
54
42
58
38
61
39
28
37
67
30
41
69
75
59
60
56
53
42
42
63
48
69
44
75
37
69
45
35
63
58
54
55
45
53
73
66
29
29
73
30
44
39
56
73
53
45
71
59
51
49
47
38
52
64
46
56
59
50
55
43
65
44
36
54
50
68
57
33
44
43
44
51
73
55
73
28
55
64
42
30
79
40
26
41
38
53
61
53
76
76
49
36
28
52
57
49
67
48
59
72
34
51
57
73
62
46
51
43
54
79
44
44
70
61
54
58
27
52
56
44
48
44
61
45
62
38
45
34
41
31
56
45
33
67
43
37
59
51
49
44
52
65
53
71
48
47
67
65
47
40
48
77
69
25
61
47
42
71
33
68
35
47
63
54
40
53
30
33
42
36
62
41
59
34
59
46
54
36
65
37
65
41
36
50
66
53
63
51
28
27
46
34
55
31
55
54
53
77
32
30
64
64
38
48
50
72
68
62
61
43
67
74
54
42
50
38
53
47
44
63
59
45
46
41
73
51
62
58
60
34
65
58
43
45
70
43
45
53
64
65
52
43
35
46
60
56
33
39
43
66
72
63
59
53
63
46
59
52
49
39
34
28
40
27
27
64
50
61
53
31
52
62
31
32
55
45
76
50
71
62
60
75
66
62
36
46
42
65
59
55
54
26
69
66
30
41
65
76
67
60
68
33
37
64
61
54
47
48
50
34
28
58
35
36
46
35
48
44
30
44
49
54
38
31
31
41
27
49
42
69
56
46
60
37
36
64
77
68
56
30
35
72
42
60
54
33
55
37
37
41
52
42
51
35
58
40
36
45
54
48
53
60
37
35
34
63
38
59
69
54
27
24
57
53
49
38
34
65
48
28
49
50
47
28
61
57
53
32
46
54
54
72
49
41
62
30
34
44
74
48
55
38
29
75
27
58
37
24
51
48
31
33
73
56
30
46
49
49
67
57
61
60
55
40
56
49
35
48
67
64
43
38
42
68
46
47
44
68
64
65
35
48
27
75
35
38
24
29
50
70
42
57
73
26
30
44
38
55
37
66
40
46
47
24
60
46
35
38
76
28
45
45
51
55
47
24
38
63
52
47
47
50
45
44
38
30
25
67
48
45
75
55
35
56
39
43
55
38
41
59
25
67
62
59
43
75
42
53
33
53
49
57
50
23
35
57
60
57
36
63
28
58
57
35
46
43
51
48
54
40
75
70
42
70
47
50
42
53
48
50
32
73
57
56
49
40
55
63
54
56
48
46
28
48
45
68
61
29
67
57
60
60
23
60
50
37
70
54
60
48
32
49
64
47
51
56
47
60
62
38
46
63
71
29
24
57
37
54
57
48
74
31
40
53
57
33
45
52
36
33
29
60
41
32
45
37
23
30
30
50
63
73
55
58
70
31
72
55
55
44
58
55
44
63
49
60
49
64
45
54
52
51
41
36
24
31
42
64
49
43
41
38
56
35
65
41
42
57
53
41
61
45
47
46
28
51
35
54
38
55
46
42
60
54
55
55
30
62
55
35
40
42
51
43
45
22
40
44
59
53
50
30
73
52
73
36
28
44
46
49
58
49
47
44
37
24
70
24
53
33
69
25
44
66
33
42
46
25
41
73
55
64
52
33
52
51
44
23
57
34
29
47
54
34
67
32
36
50
38
36
53
59
55
57
50
55
34
40
54
75
61
62
29
34
42
63
56
67
48
62
64
68
42
35
51
22
27
50
53
25
41
54
48
42
25
40
28
72
43
57
53
43
65
35
26
22
52
47
55
48
44
32
63
41
31
50
62
58
37
48
39
47
59
62
60
60
62
26
24
49
55
20
64
75
51
19
17
58
49
23
22
20
18
62
55
77
15
13
49
12
14
63
61
29
59
61
22
19
59
65
51
68
55
21
19
83
22
44
21
80
64
64
23
58
26
52
56
19
67
73
54
58
20
46
11
9
68
70
68
53
57
25
49
63
54
57
58
64
63
65
69
51
51
66
49
52
56
56
69
56
54
75
52
61
54
56
47
47
53
71
52
70
63
55
63
71
70
54
48
73
51
53
50
69
56
63
56
59
71
73
47
74
50
66
56
55
48
72
77
67
51
51
45
49
70
54
71
79
68
76
52
70
79
73
70
57
58
51
63
80
53
59
55
56
65
48
56
50
66
73
48
70
54
54
46
52
55
54
63
50
58
65
62
52
56
51
58
76
57
63
58
48
60
69
55
63
64
66
77
61
68
60
64
62
54
47
46
60
47
71
65
60
49
46
70
46
64
64
77
66
47
60
69
55
63
63
54
60
61
63
51
57
72
53
59
62
49
48
52
50
66
64
56
73
50
44
67
55
49
62
53
51
50
71
59
54
69
75
48
47
52
56
64
68
53
68
66
54
61
45
47
49
44
52
70
54
54
60
47
69
71
49
53
60
44
45
49
47
50
55
63
58
53
52
51
59
76
47
53
57
49
65
46
49
49
50
45
68
61
64
73
49
49
47
48
76
73
52
24
16
50
65
47
13
28
60
37
11
68
65
30
48
13
43
12
57
17
50
18
14
72
42
14
13
9
33
37
41
12
10
46
54
24
22
18
51
17
19
48
20
18
42
56
19
23
61
57
36
32
51
16
56
57
24
26
51
47
16
13
25
16
70
43
48
20
17
53
23
35
22
46
18
10
8
18
15
58
22
19
21
19
31
53
20
51
16
13
60
69
44
41
56
49
13
13
75
36
12
19
46
10
60
45
18
16
63
8
45
60
16
14
49
9
59
60
63
29
26
64
19
48
28
23
23
54
55
17
17
57
56
16
18
48
18
16
57
21
10
9
48
34
79
37
10
7
5
49
17
14
67
58
23
60
21
16
48
54
30
34
57
30
28
22
18
21
36
56
38
44
16
43
8
34
13
10
66
63
28
18
39
11
8
60
53
7
54
17
57
21
53
53
15
13
77
79
55
66
72
52
18
15
72
54
23
60
26
23
32
26
52
52
20
14
41
11
9
40
19
38
8
6
30
25
45
14
11
76
63
52
56
18
15
43
20
16
51
14
12
9
26
61
23
36
5
52
48
17
58
30
21
67
21
19
68
67
52
53
54
16
14
42
5
22
16
56
45
14
11
8
77
53
23
16
69
38
10
20
60
57
59
60
53
21
19
10
7
39
71
64
35
43
43
13
52
21
15
53
71
30
38
9
6
45
11
9
7
11
16
42
7
52
18
75
16
37
8
7
26
55
22
17
56
17
14
33
6
51
62
52
51
61
55
25
23
46
24
21
51
22
20
45
15
11
43
7
5
61
42
50
30
52
50
15
13
30
36
39
38
45
20
18
40
54
15
12
62
56
22
75
39
66
39
8
29
68
58
54
21
20
40
73
71
28
39
34
28
28
48
7
35
7
49
11
36
36
62
24
46
38
5
46
42
44
15
10
58
53
40
11
55
46
11
42
39
55
23
51
22
18
34
8
6
31
59
26
22
65
20
48
16
10
16
10
10
10
73
64
74
55
23
41
8
11
9
21
25
58
25
43
14
12
12
10
48
58
12
41
6
52
15
12
72
22
24
12
27
25
22
65
33
40
7
42
9
7
47
8
37
10
25
22
71
45
11
45
31
57
74
10
7
65
67
38
41
16
53
30
54
15
17
17
35
36
36
25
11
57
24
61
30
44
12
9
53
76
69
61
41
49
33
70
35
5
21
23
20
54
68
71
39
7
5
54
20
18
76
60
28
25
67
33
38
23
69
46
23
20
33
27
48
43
8
43
8
46
55
26
24
39
12
7
31
31
50
59
56
15
47
13
10
42
9
7
46
13
45
6
35
68
52
27
22
73
44
18
24
22
35
8
11
42
16
38
17
46
17
16
58
26
6
50
9
13
21
46
11
9
56
69
18
17
22
29
66
40
33
56
28
48
41
21
12
30
61
48
33
49
43
10
9
55
47
7
5
9
9
42
64
31
29
5
39
48
15
7
49
20
23
42
64
54
25
15
39
55
26
56
18
47
35
29
48
8
5
23
10
9
23
54
58
41
36
9
6
50
52
33
15
68
34
45
5
13
41
14
11
52
38
9
8
6
67
21
42
16
12
34
62
22
24
38
53
16
23
48
75
27
20
39
5
57
33
69
37
5
42
40
37
41
46
52
16
56
27
24
59
16
47
45
43
29
68
63
19
49
11
9
7
49
8
42
6
41
5
60
62
58
57
28
26
21
53
25
54
27
15
38
25
26
19
29
31
60
59
36
24
56
46
19
17
43
21
13
5
53
22
41
35
41
53
19
59
18
21
20
53
31
68
61
48
21
19
38
49
21
21
18
58
19
18
15
59
19
6
23
58
58
48
11
42
11
7
60
23
29
24
19
51
56
24
47
5
73
51
17
70
45
21
18
16
30
44
11
15
16
49
20
17
63
20
16
15
12
41
13
10
27
51
20
43
7
6
54
22
48
76
37
45
17
15
40
61
27
26
38
6
29
46
40
52
44
48
51
19
16
71
56
18
42
10
7
49
17
13
57
21
19
47
13
9
9
61
49
15
54
28
25
8
54
52
14
30
61
11
63
43
15
13
8
42
53
66
41
8
6
16
23
26
49
51
23
20
36
22
22
53
37
13
11
9
44
5
9
24
44
18
13
17
25
51
14
7
43
11
38
49
53
12
12
45
66
60
36
36
5
17
37
46
13
23
22
68
57
17
29
67
29
53
11
35
12
46
57
56
22
70
24
55
23
21
11
50
42
15
39
36
50
13
13
40
52
12
55
16
53
35
32
57
19
18
15
12
34
38
23
59
60
30
34
42
8
58
72
42
40
18
47
7
12
63
68
25
43
12
9
50
6
39
48
23
57
19
30
30
7
55
27
22
43
14
17
66
42
9
7
52
20
54
15
22
19
40
11
9
52
54
9
5
26
30
13
67
30
57
9
43
12
80
75
64
55
66
46
12
18
15
51
17
14
12
67
52
16
49
23
69
62
22
19
51
41
14
9
17
15
47
68
50
25
15
58
24
22
20
18
63
66
70
36
24
5
41
77
15
58
54
13
16
19
55
25
53
71
23
69
18
15
54
24
64
63
25
19
52
44
58
24
21
74
44
74
72
43
68
61
25
51
59
17
13
64
23
63
21
18
56
23
21
19
66
48
12
14
48
15
50
16
56
27
47
13
11
9
60
5
58
23
56
69
37
54
65
53
56
25
24
22
20
17
19
52
54
63
57
28
21
23
33
17
6
53
52
17
53
7
61
26
65
45
41
32
50
18
18
48
18
56
28
23
44
70
62
47
78
52
75
47
67
55
53
55
22
61
56
17
56
48
17
15
58
53
18
15
23
31
28
77
55
19
17
13
11
67
40
14
11
42
10
51
25
61
14
17
48
8
65
51
77
56
24
19
50
7
54
57
23
80
52
20
18
28
52
19
16
22
42
74
14
13
9
44
12
9
68
58
24
25
50
46
14
72
38
6
55
40
38
16
13
11
48
13
11
8
62
60
54
42
16
14
63
17
54
73
53
18
16
13
48
23
21
16
43
10
8
41
16
18
47
12
63
23
71
47
63
21