0.26
0.26
0.194
0.29
0.185
0.31
0.46
0.27
0.18
0.28
0.23
0.63
0.44
0.35
16.47
10.44
0.26
0.32
0.31
0.36
0.21
0.26
0.23
0.33
0.32
0.29
0.23
0.21
0.21
0.24
0.42
0.22
0.24
0.26
0.2
0.24
0.65
9.18
0.41
11.44
0.29
0.19
0.28
0.3
0.29
1.82
0.3
0.2
0.32
0.18
0.25
0.22
0.25
0.24
0.28
0.3
0.23
0.23
0.22
0.24
0.35
0.21
0.2
0.24
0.22
0.72
0.23
0.3
1.19
0.26
0.28
0.34
0.2
0.25
0.22
0.53
0.24
0.24
0.16
0.29
0.1
0.23
0.24
0.16
0.21
0.28
0.31
12.34
0.26
0.33
0.28
1.474
0.226
0.177
0.294
0.29
1.01
0.23
0.25
0.24
0.27
0.21
0.25
0.45
0.28
0.25
1.14
0.22
0.25
0.368
0.24
0.27
0.25
0.357
0.23
0.3
0.26
0.247
0.38
0.21
0.36
0.27
0.36
0.27
0.28
0.2
0.22
17.52
19.38
8.41
0.48
0.33
0.3
0.3
0.63
0.147
0.22
14.9
0.3
0.29
0.22
0.29
0.23
0.29
0.24
0.24
0.22
0.29
0.3
0.25
1.53
0.22
0.37
0.27
0.23
0.16
0.61
0.31
1.14
0.27
0.23
0.28
0.19
0.21
0.21
0.22
0.2
0.24
0.172
0.33
12.17
0.19
0.26
0.619
0.26
0.23
0.7
0.231
0.21
0.23
0.24
5.22
0.29
0.37
0.3
0.19
0.19
0.22
0.25
0.25
3.76
0.211
0.57
0.25
0.39
0.25
0.23
0.3
0.261
0.27
0.23
0.26
0.229
0.26
0.25
0.21
0.25
0.19
0.21
0.24
0.22
0.32
0.26
0.3
0.18
0.28
0.21
0.38
0.2
0.24
0.25
0.26
0.186
0.3
0.208
8.65
0.31
0.44
0.37
0.28
2.49
0.306
0.33
0.27
0.09
17.25
0.31
13.53
0.38
0.23
0.29
0.23
0.43
0.18
0.756
0.26
0.23
0.22
0.26
0.21
0.25
2.15
0.22
0.27
0.37
0.28
0.26
0.22
0.26
0.22
0.287
0.19
0.25
0.26
0.31
0.17
0.31
0.25
0.51
0.28
0.61
0.47
0.58
0.257
0.26
0.21
0.21
0.26
0.21
1.42
0.26
0.21
0.268
0.77
0.36
0.42
0.57
0.62
0.2
0.19
0.26
0.2
0.27
0.33
0.181
0.68
0.22
0.27
0.21
5.55
0.3
0.21
0.22
0.193
0.2
0.22
0.24
1.029
1.29
0.2
0.09
0.33
0.24
0.53
0.2
0.22
0.21
0.37
0.23
0.21
0.12
1.2
0.2
6.63
0.26
0.3
0.26
0.36
0.25
0.22
0.25
0.27
0.23
0.2
3.12
0.22
0.48
0.36
15.38
0.433
0.24
0.27
0.37
0.195
0.2
0.179
0.3
3.16
0.4
0.2
0.28
5.43
0.25
0.48
0.367
0.32
0.27
0.9
0.25
0.4
0.39
0.24
0.71
0.24
0.24
0.3
4.11
0.346
0.24
0.2
0.24
0.27
3.93
0.26
0.24
0.4
0.2
0.2
0.27
0.286
0.33
0.26
0.25
0.58
0.24
0.3
0.26
0.28
0.25
0.24
0.66
0.24
0.72
0.19
0.24
0.25
0.25
0.22
0.19
0.18
0.2
0.2
0.32
0.31
0.27
0.25
0.3
0.24
0.3
0.22
0.22
0.253
0.36
0.282
0.24
0.13
0.22
0.23
0.35
0.29
0.22
0.26
2.46
0.28
0.29
0.33
0.197
0.2
0.24
2.52
0.47
0.28
0.194
0.29
0.27
0.31
0.26
0.33
0.24
0.51
0.22
0.24
0.34
2.7
0.26
0.24
0.23
0.24
0.35
0.26
0.23
0.261
0.205
0.29
0.225
0.33
0.24
0.22
0.23
0.274
0.33
0.32
0.24
0.26
0.19
0.22
0.45
0.39
0.22
0.26
0.9
0.31
0.26
0.21
0.27
0.23
0.32
0.27
0.33
0.34
0.15
0.21
11.04
0.48
0.22
0.27
0.27
0.22
0.239
0.338
3.93
0.29
0.18
0.23
1.51
0.41
0.24
0.24
0.26
0.2
0.26
0.26
0.73
0.23
0.24
0.2
0.38
0.25
0.23
0.42
0.42
0.19
0.25
0.26
0.43
0.21
0.24
0.254
0.24
0.344
0.32
0.22
0.14
0.25
0.22
0.207
0.88
0.188
0.27
0.17
0.3
0.36
0.26
0.34
0.24
0.24
0.31
0.33
0.38
0.182
0.25
0.48
0.67
0.24
0.23
0.24
0.31
0.39
0.23
0.38
0.31
0.24
0.35
0.204
0.137
0.27
0.25
0.26
0.08
0.27
0.14
0.82
1.11
1.15
0.25
0.23
0.22
0.23
0.4
0.24
0.26
15.3
0.22
0.23
0.23
0.28
0.259
0.31
0.41
0.45
0.19
5.66
0.39
0.16
0.25
0.26
0.35
0.23
0.66
0.24
3.86
0.3
0.21
0.48
9.31
1.34
0.37
0.3
0.23
0.36
0.231
0.26
0.21
0.3
0.36
0.28
0.2
0.26
0.288
0.23
0.51
0.23
0.47
0.24
0.54
0.3
0.62
0.22
0.43
0.22
6.2
0.22
0.22
0.58
0.2
0.28
0.414
0.23
0.31
0.29
0.21
0.29
0.25
0.202
0.44
0.9
0.208
0.21
0.21
0.22
0.53
0.25
0.2
0.27
0.26
0.249
0.28
0.32
0.3
0.25
0.31
0.23
0.23
8.68
5.74
0.28
0.38
0.3
0.26
0.2
2.4
0.39
0.19
0.2
0.28
0.28
0.25
0.25
0.24
0.2
0.23
0.287
0.29
0.28
0.24
5.61
0.19
0.27
0.3
0.27
0.284
13.86
0.28
0.354
0.22
0.24
0.37
0.37
0.2
0.26
0.25
1.06
3.05
0.4
0.29
0.3
0.21
0.28
0.32
0.257
0.23
0.23
0.24
0.26
0.37
0.28
0.22
0.23
0.25
0.21
0.22
0.28
0.21
0.25
0.37
0.46
0.33
0.21
0.23
0.29
0.23
0.29
0.28
0.25
0.2
0.96
0.23
0.72
0.26
0.278
0.23
0.26
0.26
0.95
0.27
0.31
0.339
0.14
0.27
0.26
0.31
0.31
0.278
9.85
0.83
0.217
6.15
0.44
0.56
0.27
0.24
0.31
0.47
0.24
0.22
0.31
0.18
0.24
9.84
0.26
0.27
0.139
0.25
7.84
0.46
0.25
0.26
0.204
0.26
0.2
0.21
0.33
0.21
0.19
3.78
0.21
0.265
2.053
1.32
0.34
0.32
1.75
3.11
0.228
0.21
0.2
0.24
0.25
0.33
0.24
0.21
0.29
0.21
0.22
0.49
0.173
0.31
0.45
0.176
0.32
0.29
0.47
0.23
0.48
0.22
0.32
0.36
0.22
0.27
0.22
0.25
0.27
0.22
0.31
0.24
0.3
0.25
0.204
0.335
0.84
0.3
0.273
0.39
6.63
0.45
0.27
0.157
0.22
0.22
0.532
0.26
0.24
0.21
0.24
0.21
0.19
0.22
0.25
0.22
0.24
0.26
0.34
0.417
0.23
0.35
6.63
0.2
0.78
0.36
0.19
1.7
0.33
2.97
0.43
0.25
0.26
0.24
0.26
0.17
0.24
0.248
0.26
0.27
0.27
5.868
0.155
0.26
0.22
0.24
0.32
0.26
0.33
0.22
0.21
0.29
5.75
0.3
0.22
0.35
0.35
3.462
0.26
0.23
0.28
0.59
0.22
0.24
0.2
0.3
0.31
2.94
0.32
0.33
0.23
0.4
0.155
0.248
7.96
0.22
0.33
0.28
0.28
0.28
0.224
0.41
0.25
0.24
0.384
0.28
0.32
0.2
0.24
0.17
0.207
0.25
0.31
0.23
0.24
0.31
11.89
0.21
0.3
0.22
0.25
0.21
4.56
0.23
0.35
0.2
0.43
0.53
0.261
0.24
0.25
0.34
0.28
0.3
0.23
0.384
0.19
0.31
0.82
0.22
0.26
0.6
0.33
0.26
0.25
0.26
0.63
0.25
0.33
0.26
0.24
0.28
0.52
0.62
0.22
0.26
0.29
0.24
0.296
0.23
0.3
0.24
0.33
0.29
0.23
0.32
0.08
0.31
0.35
0.39
0.31
0.15
0.22
0.34
0.21
7.68
7.13
0.244
0.23
0.22
0.25
0.26
0.2
0.28
0.24
0.43
0.26
0.21
0.3
0.22
0.21
0.23
0.71
0.22
0.138
0.3
0.28
0.21
0.22
0.25
0.24
0.3
0.19
0.31
0.26
0.12
5.59
0.66
0.21
2.22
0.21
0.32
0.33
0.23
0.192
0.7
0.26
0.26
0.64
0.34
0.24
0.23
0.202
0.33
0.335
0.31
0.2
0.67
0.17
0.37
16.3
0.36
0.26
0.21
0.33
0.171
0.34
0.32
0.55
0.23
0.22
0.25
0.26
0.92
0.26
0.204
0.24
0.22
0.37
0.21
0.179
0.24
0.23
0.22
0.35
0.21
0.34
0.18
0.31
0.25
0.29
0.37
0.78
0.25
0.24
0.232
0.39
0.22
0.23
0.305
0.27
0.59
0.21
0.25
0.26
14.53
0.26
0.6
0.24
0.25
0.28
0.36
5.24
10.28
0.52
0.226
0.23
0.27
0.19
0.44
0.43
0.5
0.24
0.26
0.13
0.21
0.23
0.143
1.04
0.25
16.62
0.15
0.22
4.28
0.22
0.29
0.3
0.41
0.206
0.42
0.17
0.197
0.297
0.194
14.16
0.24
0.37
0.21
0.31
0.68
0.24
0.61
2.96
0.27
0.29
0.64
0.28
0.23
0.31
0.44
0.55
0.24
2.73
0.23
0.3
0.22
0.42
0.37
0.31
0.25
0.22
0.5
0.46
0.22
2.53
0.21
0.27
0.13
0.49
0.22
0.14
0.42
0.32
0.49
0.26
0.24
3.24
0.23
0.23
0.5
0.54
0.3
0.33
0.24
0.24
12.53
0.22
0.14
0.43
0.1
0.09
0.14
0.26
0.14
0.29
0.26
0.3
0.95
0.26
0.21
0.23
0.2
0.44
0.21
0.347
0.23
0.33
0.24
0.99
0.22
0.29
0.21
0.22
0.23
0.21
0.27
0.3
0.34
0.22
0.24
0.2
0.23
0.29
0.22
0.23
0.33
0.34
0.22
0.28
0.22
0.327
3.09
0.18
0.13
0.42
0.56
0.29
0.21
0.25
0.25
0.213
0.24
0.26
0.34
0.3
0.24
0.28
0.5
2.7
0.29
0.27
0.26
0.27
0.27
0.23
0.25
0.22
0.22
0.358
0.21
0.28
0.26
0.52
0.2
0.3
0.45
0.23
0.22
0.23
0.24
0.15
0.209
0.312
0.32
0.29
0.25
0.275
0.32
0.25
0.152
0.28
0.24
0.26
0.28
0.22
0.694
0.31
0.27
0.29
0.27
0.38
0.23
0.43
0.29
0.26
0.2
0.26
0.24
0.403
0.25
0.2
0.2
0.27
0.22
0.24
0.21
0.5
0.3
0.28
0.26
0.34
0.21
0.32
0.214
0.24
0.27
0.32
0.3
16.35
0.31
0.19
0.2
0.217
0.4
0.23
0.55
0.22
0.21
0.27
5.76
0.23
0.2
0.14
0.28
0.28
0.295
0.33
0.67
0.23
0.26
0.84
0.23
0.51
0.82
0.32
0.22
0.21
0.25
0.39
0.24
0.29
0.56
0.26
0.23
0.22
0.28
0.23
0.37
0.24
0.34
6.28
22.46
0.28
0.28
0.21
7.44
0.23
0.37
0.32
1.57
0.245
0.33
11.69
1.81
0.241
0.24
0.28
0.23
0.27
0.35
0.35
0.21
0.28
0.23
0.229
0.23
0.23
15.79
0.29
0.27
1.68
0.24
0.26
0.196
0.23
0.24
0.24
0.26
0.33
0.22
0.4
0.25
0.19
6.25
0.23
0.24
0.29
0.37
0.63
0.25
9.21
0.24
0.19
0.61
0.25
0.25
0.31
0.31
5.2
0.21
0.195
0.23
0.3
0.19
0.26
0.29
0.28
0.18
0.5
0.34
0.242
0.27
0.95
0.25
0.3
0.74
1.16
0.888
0.41
0.24
0.146
0.207
0.3
0.24
2.71
1.73
0.24
0.23
0.34
0.21
0.23
0.3
0.31
0.34
0.21
0.22
0.77
0.43
0.25
0.26
0.49
0.43
0.41
0.11
0.169
0.21
0.33
0.3
14.7
0.26
0.35
0.29
6.92
0.3
0.23
0.26
0.26
0.27
0.25
0.5
0.13
0.21
0.17
0.41
0.22
0.27
0.72
0.3
0.33
0.22
0.25
0.57
0.92
0.25
0.32
0.41
0.24
0.23
0.59
0.25
0.21
0.26
0.29
0.23
0.315
0.227
0.37
0.28
11.14
0.37
0.24
0.58
0.3
0.5
0.202
0.146
0.29
0.25
0.43
0.166
0.33
0.31
7.95
0.25
0.2
0.24
0.22
0.29
0.23
0.25
0.356
0.537
0.443
0.21
0.21
0.26
0.24
0.27
0.148
0.34
0.465
0.25
0.283
0.41
0.31
0.35
0.32
0.42
0.25
0.24
0.61
0.21
0.24
0.48
0.19
0.22
0.27
0.31
0.48
0.38
1.14
0.43
0.23
0.25
0.23
0.24
0.287
0.24
0.41
0.69
0.54
0.37
0.43
0.32
0.39
0.404
0.192
1.992
0.25
0.13
0.41
7.54
9.16
0.47
0.34
0.24
0.26
0.21
0.15
0.25
0.264
0.291
0.345
0.95
0.21
10.67
0.24
0.29
0.43
1.11
0.26
0.21
0.25
0.23
0.23
0.21
0.19
0.36
0.22
0.34
0.2
0.22
0.18
3.24
0.26
0.19
0.291
0.21
0.23
0.24
0.25
0.19
0.31
0.29
0.45
0.309
0.397
0.28
4.48
0.29
10.91
0.25
0.24
0.24
0.22
0.286
0.41
0.36
0.29
0.09
0.33
0.38
0.917
0.322
0.204
0.32
0.2
0.32
0.26
4.68
0.11
0.37
1.07
0.26
0.24
0.47
0.27
0.21
0.24
0.29
0.28
0.41
0.28
0.25
0.27
0.23
0.48
1.09
0.55
1.81
17.2
0.53
12.42
0.2
0.27
0.32
0.23
0.23
0.26
0.23
0.28
0.245
2.71
0.36
10.57
0.25
0.32
0.3
0.488
0.306
0.397
0.3
0.22
0.51
0.24
0.22
0.38
0.44
0.29
0.23
0.22
0.26
0.22
4.57
0.34
10.59
0.7
0.311
0.27
0.33
0.23
0.35
1.58
11.65
0.2
0.24
0.25
0.19
0.38
0.157
0.327
0.228
0.19
0.3
0.3
0.29
0.24
0.21
0.21
0.29
0.44
0.21
0.32
0.29
0.31
0.4
0.27
0.23
0.21
0.31
0.22
0.24
0.28
0.23
0.3
0.28
0.22
0.28
0.19
0.2
0.41
0.397
0.3
0.24
0.2
0.15
0.11
0.33
0.48
0.2
0.3
0.58
0.62
0.66
3.09
0.36
0.2
0.25
0.35
0.45
0.26
0.24
0.31
0.31
0.21
0.2
0.436
0.371
0.26
0.25
0.23
0.27
0.49
0.24
0.19
0.2
0.3
0.23
0.178
5.716
0.33
0.21
0.26
0.26
0.723
2.86
0.398
0.318
0.276
0.52
0.2
0.28
0.23
0.25
2.2
5.13
0.29
0.45
0.25
0.3
0.27
0.32
0.25
0.24
0.43
0.39
0.45
0.29
0.36
0.16
0.29
1.99
0.23
0.48
0.232
0.308
0.224
0.27
0.23
0.23
0.27
8.02
0.26
0.36
0.46
0.33
0.22
0.2
0.23
0.32
0.25
0.3
0.26
0.22
0.21
0.22
0.26
0.18
0.2
0.19
0.29
0.24
0.21
0.62
0.276
0.345
0.218
4.254
0.238
0.219
4.09
0.22
8.21
5.27
0.2
0.52
0.2
0.27
0.22
0.203
0.276
0.336
0.187
0.527
0.22
0.26
0.23
0.39
0.49
0.38
13.33
0.4
0.5
0.25
0.23
0.23
0.52
0.31
0.27
0.29
0.24
0.158
0.45
0.24
0.35
0.86
0.26
0.23
0.31
0.36
2.14
0.32
0.38
0.58
0.28
0.21
0.3
3.48
0.299
0.201
0.33
0.25
0.23
0.24
0.21
0.11
0.24
0.1
1.09
0.1
0.23
0.29
0.26
2.35
0.2
0.29
0.44
0.28
0.2
0.26
0.35
0.2
0.29
0.29
0.49
0.44
1.38
0.26
0.25
0.25
0.27
7.65
0.28
0.6
0.21
0.26
0.18
0.29
0.22
0.22
0.26
0.32
0.21
0.2
0.19
0.48
0.22
0.37
0.312
0.25
0.3
0.34
0.25
0.37
0.27
0.23
0.27
0.22
0.34
0.22
0.21
0.21
0.23
0.22
6.18
8.15
5.77
8.48
0.21
2.04
1.71
0.264
0.3
0.19
0.9
0.23
0.26
0.55
0.22
0.24
0.27
0.25
0.23
0.2
0.21
0.2
0.25
0.41
0.25
0.22
0.321
0.24
0.89
0.4
0.4
0.32
0.24
0.21
0.22
0.2
0.17
0.24
0.18
0.29
0.49
0.22
0.27
0.34
0.31
0.21
0.36
0.17
0.26
0.66
0.22
0.26
0.22
0.26
0.24
0.65
0.26
0.24
0.22
0.31
0.3
0.25
0.58
0.461
0.23
0.85
0.33
4.31
0.84
0.42
0.42
0.38
0.29
0.22
5.99
0.61
0.31
0.28
0.24
0.47
0.24
0.21
0.44
0.31
0.51
0.31
0.22
1.15
0.25
0.47
0.22
1.27
5.04
0.18
0.3
0.24
0.28
0.84
0.27
0.28
0.35
0.23
0.23
0.38
0.73
0.3
0.27
0.34
0.29
0.18
0.18
0.21
0.32
0.22
1.03
0.3
0.23
0.21
0.23
0.44
0.37
0.33
0.197
2.95
0.26
0.197
0.421
0.291
0.286
0.17
0.22
0.3
0.39
1.51
6.91
0.88
0.19
0.14
0.161
9.97
0.42
0.7
0.22
0.37
0.12
0.19
0.22
0.27
0.37
0.33
0.23
0.38
0.24
0.21
0.21
1.42
0.25
0.168
0.35
0.35
0.31
0.27
0.25
0.24
0.24
0.22
0.21
0.45
0.26
0.34
0.19
0.251
0.338
0.29
0.26
0.24
0.94
0.24
0.17
0.245
0.25
0.32
0.54
0.23
0.27
0.25
0.24
7.02
0.29
0.26
0.28
0.24
0.62
0.2
0.24
0.26
0.72
0.23
0.22
0.25
0.37
0.21
0.156
0.207
0.269
1.079
0.23
0.24
0.27
0.265
0.361
1.02
0.25
0.26
0.23
0.34
0.53
9.58
0.28
0.22
0.21
0.23
0.23
0.42
0.3
4.2
0.25
0.38
0.24
0.3
0.13
6.24
8.32
13.51
0.28
0.23
0.22
0.74
0.72
0.33
5.44
0.23
0.2
0.21
0.23
0.161
0.347
0.239
0.3
0.225
1.22
0.24
0.29
0.21
0.277
0.186
0.242
0.25
0.3
0.53
0.57
0.19
0.18
0.24
0.22
0.43
1.19
0.57
0.33
0.24
0.22
0.24
0.26
0.1
0.23
0.31
0.36
0.24
0.27
0.332
0.299
0.28
0.24
0.2
0.26
0.24
0.3
0.36
0.31
0.36
2.17
3.41
4.94
5.71
0.48
0.41
0.39
0.81
0.3
0.233
0.206
0.211
0.234
0.447
0.21
8.2
8.74
0.32
0.56
0.29
0.23
0.28
0.25
0.589
0.464
0.256
0.27
0.28
0.26
0.44
2.548
0.73
0.24
0.26
1.54
0.22
1.14
0.22
0.21
0.28
0.38
3.03
0.26
0.42
0.24
0.21
0.22
0.54
0.34
0.41
0.193
0.162
1.9
0.21
1
0.2
0.31
4.48
0.2
0.32
0.22
0.26
0.27
0.24
0.26
0.26
0.7
0.4
0.22
0.28
0.25
0.6
0.27
0.26
0.25
0.2
0.18
0.24
0.19
0.22
0.26
0.29
0.24
0.233
0.2
0.2
0.29
0.22
0.23
0.31
0.3
0.26
0.25
0.19
0.305
0.233
3.54
0.55
0.24
0.23
8.36
0.58
0.37
0.34
0.18
0.24
0.23
0.29
0.5
2.86
0.58
0.27
0.29
0.69
0.3
0.43
0.26
0.67
0.2
0.27
0.195
0.29
0.53
0.24
0.38
0.32
0.25
0.3
0.4
0.2
3.48
7.89
8.69
0.288
0.575
0.235
0.28
0.37
0.26
0.49
0.27
0.34
0.35
0.179
13.26
0.238
0.26
0.29
0.29
0.36
0.25
0.39
13.63
0.27
0.7
0.21
0.23
0.22
0.23
0.33
0.172
0.216
0.218
0.55
0.33
0.43
0.155
0.314
0.2
0.23
0.39
0.32
0.26
0.32
0.24
0.23
0.35
0.39
0.26
0.33
0.35
0.41
0.27
0.38
0.83
0.24
0.459
0.297
0.244
0.914
1.23
0.25
0.24
0.31
0.25
0.28
0.28
0.6
0.86
0.32
0.41
0.23
0.24
0.22
0.26
0.31
0.66
3.42
0.26
0.22
0.22
0.19
0.22
0.29
0.55
0.34
0.24
0.26
0.22
0.24
0.23
0.26
0.26
0.22
0.2
0.22
0.24
0.28
0.27
0.12
0.18
0.17
0.31
0.26
10.75
0.26
0.25
0.3
0.32
0.27
0.25
0.32
0.4
0.26
0.23
0.28
0.26
0.5
0.23
0.21
0.26
0.23
0.52
0.2
0.27
0.23
0.21
0.27
3.57
0.2
0.18
0.37
0.31
0.24
0.22
0.32
0.28
0.24
0.33
0.34
0.378
0.39
0.36
0.59
3.66
6.7
2.38
1.46
9.86
0.18
0.28
0.32
0.36
0.23
0.55
0.57
0.23
0.24
0.32
0.337
0.315
0.221
0.276
0.32
0.22
12
0.21
0.57
0.67
0.3
0.21
0.38
0.29
0.28
0.31
0.26
0.29
0.41
0.26
0.21
0.27
0.37
0.22
0.25
0.28
0.14
0.27
0.313
0.64
0.68
0.24
0.07
0.21
0.46
0.336
0.231
0.29
0.3
0.42
0.47
0.17
0.6
0.29
0.3
0.66
0.55
0.17
0.155
0.275
0.22
0.28
0.38
0.31
0.53
0.29
0.49
0.28
0.43
0.82
0.41
0.25
0.21
0.32
0.26
1.051
0.25
0.28
0.19
0.24
0.24
2.28
0.84
0.27
0.21
0.22
0.23
0.2
0.23
0.29
0.25
0.25
0.24
0.21
0.23
0.19
0.26
0.27
0.25
0.27
0.28
0.28
13.8
0.22
0.21
0.21
0.22
0.35
0.24
0.29
0.65
0.27
0.3
0.3
0.24
0.23
0.19
0.28
0.18
0.153
0.24
0.21
0.22
0.31
0.23
0.21
0.26
0.36
0.14
0.31
0.24
10.55
0.23
0.25
0.24
0.19
0.29
0.26
0.278
0.26
0.36
0.33
17.49
9.41
6.39
2.14
8.38
6.04
0.26
0.42
0.25
0.24
0.25
0.36
0.53
0.39
0.32
9.3
0.285
0.272
0.32
10.6
0.2
0.247
0.258
0.166
0.29
0.27
0.86
0.31
0.35
0.23
0.4
0.26
0.27
0.328
0.27
0.26
0.24
12.41
3.36
10.29
0.32
0.21
0.39
0.24
0.29
0.26
0.26
0.172
0.166
0.66
0.43
0.23
0.31
0.59
0.26
0.59
0.21
0.29
0.21
0.24
0.22
0.23
0.2
0.19
0.12
0.23
0.21
0.23
16.89
0.21
0.22
0.22
0.22
0.21
0.27
0.19
0.3
0.73
0.23
0.32
12.04
0.25
0.22
1
0.289
0.366
0.273
0.32
0.68
0.34
0.23
0.24
0.3
0.22
0.28
0.27
0.214
0.252